830352.377379313 0 
309983.290033415 1 
773927.057161927 2 
575741.806067526 3 
887558.740796521 4 
792077.577440068 5 
957222.213037312 6 
323314.296081662 7 
307004.174683243 8 
806238.578632474 9 
678668.026113883 10 
122140.742372721 11 
693749.007070437 12 
750897.868769243 13 
594786.046305671 14 
151853.3017952 15 
882817.966397852 16 
91406.3607342541 17 
196208.391804248 18 
870372.93985486 19 
233351.579168811 20 
929811.012232676 21 
700730.811106041 22 
454582.803882658 23 
89706.1766590923 24 
464728.554477915 25 
912642.662413418 26 
259245.339315385 27 
74019.3049423397 28 
248731.02013953 29 
