825555.43910712 0 
461297.521134838 1 
976699.44097288 2 
697848.739335313 3 
177823.109552264 4 
239305.826835334 5 
300975.317135453 6 
104487.985139713 7 
109140.849206597 8 
736919.234972447 9 
677873.642649502 10 
905923.44943434 11 
260002.906667069 12 
850848.121568561 13 
714153.986191377 14 
46721.3734518737 15 
358643.931802362 16 
814860.589103773 17 
219700.508285314 18 
185200.05303435 19 
599676.937796175 20 
199097.253847867 21 
658971.294295043 22 
107069.537043571 23 
935638.021444902 24 
246714.51584436 25 
122504.424536601 26 
858605.657238513 27 
18952.1426800638 28 
75221.4419189841 29 
