971420.515095815 0 
350021.614693105 1 
890795.447397977 2 
677999.46363084 3 
636016.410542652 4 
971403.943840414 5 
811458.131996915 6 
9844.07146461308 7 
221922.476775944 8 
407766.104442999 9 
772410.242585465 10 
173254.837514833 11 
13736.9974981993 12 
615539.7859402 13 
912333.951797336 14 
172928.80686 15 
869359.888602048 16 
787534.967530519 17 
363457.878818735 18 
631988.699082285 19 
608780.533075333 20 
539389.47757706 21 
581381.069030613 22 
798016.819404438 23 
46792.5674747676 24 
112829.050980508 25 
416114.393388852 26 
939808.287192136 27 
220685.861539096 28 
339249.688666314 29 
