334995.873039588 0 
388600.108213723 1 
222852.439153939 2 
439587.186556309 3 
348025.656305254 4 
689817.356178537 5 
547638.05330731 6 
222186.126047745 7 
86003.8844402879 8 
779339.5195622 9 
81853.4852005541 10 
306733.529781923 11 
743642.735062167 12 
823028.600076213 13 
247202.123282477 14 
712483.464507386 15 
482449.925970286 16 
6533.61156582832 17 
811241.182265803 18 
849698.769161478 19 
632577.31939666 20 
835629.275999963 21 
998032.970586792 22 
747789.588756859 23 
454764.428781345 24 
238839.477766305 25 
510686.912108213 26 
719777.137739584 27 
983374.005882069 28 
272159.841842949 29 

