995900.782290846 0 
70745.2849019319 1 
594432.927668095 2 
195571.727352217 3 
833035.942399874 4 
683049.583109096 5 
265018.194913864 6 
822194.8700957 7 
681243.469240144 8 
782967.244274914 9 
339089.4504264 10 
133805.515943095 11 
10189.5208936185 12 
150770.574808121 13 
918966.388329864 14 
932425.421662629 15 
557035.00751406 16 
381429.152796045 17 
861416.166881099 18 
351651.527220383 19 
642828.413285315 20 
732263.369718567 21 
703383.422689512 22 
78151.6926363111 23 
594484.85984467 24 
577233.910793439 25 
435320.709133521 26 
939696.43721357 27 
856979.89189066 28 
717642.332660034 29 
