170262.357918546 0 
342760.32098569 1 
793674.060609192 2 
207604.719093069 3 
658008.466241881 4 
263552.949531004 5 
779501.380166039 6 
126112.434081733 7 
448410.499375314 8 
777099.966770038 9 
114881.714340299 10 
712547.683157027 11 
853233.874775469 12 
712399.180512875 13 
200999.176828191 14 
409553.593723103 15 
448255.802737549 16 
761230.920208618 17 
749080.806039274 18 
268987.643765286 19 
325880.429474637 20 
401829.676935449 21 
491324.478527531 22 
937818.229664117 23 
630779.132712632 24 
635502.366581932 25 
159777.364460751 26 
887910.573743284 27 
211786.152329296 28 
441347.159910947 29 
