Global random seed for positive and negative interactions
108798.552304506 

Random seeds for neutral interactions
236650.87739937 4 
690876.461332664 17 
269656.660966575 18 
284884.719178081 27 
58286.0785070807 10 
892747.848527506 26 
255481.715779752 7 
210408.099927008 23 
584935.554536059 3 
993056.813953444 29 
930093.461181968 19 
155749.729601666 16 
709971.635136753 12 
154254.28445451 21 
268049.936043099 15 
577047.100290656 9 
561987.192369998 24 
847160.764737055 1 
334810.166386887 14 
774046.03571631 20 
467058.526352048 22 
792521.200608462 25 
9723.09033386409 0 
518992.761382833 28 
483536.654617637 13 
558329.096529633 11 
867235.935293138 5
190434.966003522 2
267741.307616234 6 
49237.6561742276 8 
